name	id_mk	id_recipe	level	id_item	count	UNK[0]	UNK[1]	mp_cost	success_rate	mat_cnt	item_1	count_1	unk_1	item_2	count_2	unk_2	item_3	count_3	unk_3	item_4	count_4	unk_4	item_5	count_5	unk_5	item_6	count_6	unk_6	item_7	count_7	unk_7	item_8	count_8	unk_8	item_9	count_9	unk_9	item_10	count_10	unk_10	item_11	count_11	unk_11	item_12	count_12	unk_12
a,mk_wooden_arrow\0	1	1666	1	17	500	1	0	30	100	2	1864	4	0	1869	2	0																														
a,mk_broad_sword\0	2	1786	1	3	1	1	0	30	100	3	2005	1	0	1869	18	0	1870	18	0																											
a,mk_willow_staff\0	3	1787	1	8	1	1	0	30	100	4	2006	1	0	1869	12	0	1872	24	0	1864	12	0																								
a,mk_bow\0	4	1788	1	14	1	1	0	30	100	4	2007	1	0	1869	20	0	1878	4	28	1866	4	0																								
a,mk_cedar_staff\0	5	1789	1	9	1	1	0	45	100	4	2008	2	0	1869	55	0	1872	110	0	1864	55	0																								
a,mk_dirk\0	6	1790	1	216	1	1	0	45	100	3	2009	2	0	1869	80	0	1870	80	0																											
a,mk_brandish\0	7	1791	1	1333	1	1	0	45	100	3	2010	2	0	1869	110	0	1870	55	0																											
a,mk_short_spear\0	8	1792	1	15	1	1	0	60	100	4	2011	3	0	1869	220	0	1870	110	0	1866	55	0																								
a,mk_sword_of_reflexion\0	9	1793	1	120	1	1	0	60	100	3	2012	3	0	1869	200	0	1870	200	0																											
a,mk_bow_of_forest\0	10	1794	1	272	1	1	0	60	100	4	2013	3	0	1869	225	0	1878	45	28	1866	45	0																								
a,mk_leather_shoes\0	11	1795	1	37	1	1	0	45	100	3	1921	2	0	1867	8	0	1866	1	0																											
a,mk_leather_tunic\0	12	1796	1	429	1	1	0	45	100	3	1922	2	0	1867	24	0	1868	12	0																											
a,mk_leather_hose\0	13	1797	1	464	1	1	0	45	100	3	1923	2	0	1867	12	0	1868	12	0																											
a,mk_leather_helmet\0	14	1798	1	44	1	1	0	60	100	3	1924	3	0	1866	15	0	1867	12	0																											
a,mk_leather_gloves\0	15	1799	1	50	1	1	0	60	100	3	1925	3	0	1867	24	0	1866	3	0																											
a,mk_piece_bone_breastplate\0	16	1800	1	25	1	1	0	63	100	3	1926	3	0	1883	3	32	1869	30	0																											
a,mk_piece_bone_gaiters\0	17	1801	1	32	1	1	0	63	100	3	1928	3	0	1883	2	32	1872	14	0																											
a,mk_necklace_of_anguish\0	18	1802	1	907	1	1	0	45	100	3	1896	2	0	1864	20	0	1865	4	0																											
a,mk_necklace_of_wisdom\0	19	1803	1	908	1	1	0	60	100	3	1897	3	0	1864	50	0	1865	10	0																											
a,mk_soulshot_d\0	20	1804	2	1463	156	1	0	40	100	2	1785	3	0	1458	1	0																														
a,mk_soulshot_c\0	21	1805	4	1464	476	1	0	70	100	2	1785	15	0	1459	1	0																														
a,mk_soulshot_b\0	22	1806	6	1465	450	1	0	100	100	2	1785	54	0	1460	1	0																														
a,mk_leather\0	25	1814	1	1882	1	1	0	10	100	1	1867	6	0																																	
a,mk_cord\0	26	1817	2	1884	20	1	0	20	100	2	1880	2	30	1868	25	0																														
a,mk_oriharukon\0	27	1825	4	1893	1	1	0	40	100	3	1888	1	36	1873	12	0	1874	4	0																											
a,mk_braided_hemp\0	28	2135	1	1878	1	1	0	10	100	1	1864	5	0																																	
a,mk_cokes\0	29	2136	1	1879	1	1	0	10	100	2	1870	3	0	1871	3	0																														
a,mk_steel\0	30	2137	1	1880	1	1	0	10	100	2	1865	5	0	1869	5	0																														
a,mk_coarse_bone_powder\0	31	2138	1	1881	1	1	0	10	100	1	1872	10	0																																	
a,mk_steel_mold\0	32	2139	2	1883	1	1	0	20	100	3	1878	5	28	1869	5	0	1870	5	0																											
a,mk_high_grade_suede\0	33	2140	2	1885	1	1	0	20	100	2	1881	1	31	1866	3	0																														
a,mk_silver_mold\0	34	2141	2	1886	1	1	0	20	100	3	1878	5	28	1879	5	29	1873	10	0																											
a,mk_varnish_of_purity\0	35	2142	2	1887	1	1	0	20	100	3	1881	3	31	1865	3	0	1875	1	0																											
a,mk_synthesis_cokes\0	36	2143	2	1888	1	1	0	20	100	2	1879	3	29	1874	1	0																														
a,mk_compound_braid\0	37	2144	2	1889	1	1	0	20	100	2	1878	5	28	1868	5	0																														
a,mk_mithirl_alloy\0	38	2145	4	1890	1	1	0	40	100	3	1887	1	35	1880	2	30	1876	1	0																											
a,mk_artisan's_frame\0	39	2146	4	1891	1	1	0	40	100	3	1883	1	32	1887	5	35	1877	10	0																											
a,mk_blacksmith's_frame\0	40	2147	4	1892	1	1	0	40	100	3	1886	1	34	1887	5	35	1876	10	0																											
a,mk_crafted_leather\0	41	2148	4	1894	1	1	0	40	100	3	1884	4	26	1882	4	25	1870	4	0																											
a,mk_metallic_fiber\0	42	2149	4	1895	20	1	0	40	100	2	1884	20	26	1873	15	0																														
a,mk_blue_diamond_necklace\0	43	2150	1	909	1	1	0	72	100	3	1898	3	0	1864	80	0	1865	16	0																											
a,mk_necklace_of_devotion\0	44	2151	2	910	1	1	0	84	100	5	1899	4	0	1886	1	34	1878	15	28	1865	3	0	2130	2	0																					
a,mk_enchanted_necklace\0	45	2152	2	911	1	1	0	96	100	6	1900	5	0	1886	1	34	1878	15	28	1865	3	0	1458	18	0	2130	3	0																		
a,mk_tiger'seye_earing\0	46	2153	3	849	1	1	0	108	100	6	1901	6	0	1886	1	34	1884	30	26	1865	6	0	1458	22	0	2130	4	0																		
a,mk_elven_earing\0	47	2154	3	850	1	1	0	120	100	6	1902	7	0	1886	1	34	1884	60	26	1865	12	0	1458	30	0	2130	6	0																		
a,mk_elven_ring\0	48	2155	3	881	1	1	0	120	100	6	1903	7	0	1886	1	34	1884	30	26	1865	6	0	1458	20	0	2130	4	0																		
a,mk_elven_necklace\0	49	2156	3	913	1	1	0	120	100	6	1904	7	0	1886	1	34	1878	70	28	1865	14	0	1458	38	0	2130	9	0																		
a,mk_onyxbeast'seye_earing\0	50	2157	4	851	1	1	0	129	100	6	1905	8	0	1886	1	34	1884	90	26	1865	18	0	1458	40	0	2130	8	0																		
a,mk_mithril_ring\0	51	2158	4	882	1	1	0	129	100	6	1906	8	0	1886	1	34	1884	50	26	1865	10	0	1458	25	0	2130	5	0																		
a,mk_necklace_of_darkness\0	52	2159	4	914	1	1	0	129	100	6	1907	8	0	1886	1	34	1878	90	28	1865	18	0	1458	50	0	2130	12	0																		
a,mk_moonstone_earing\0	53	2160	4	852	1	1	0	138	100	6	1908	8	0	1892	1	40	1895	5	42	1887	1	35	1458	30	0	2131	4	0																		
a,mk_aquastone_ring\0	54	2161	4	883	1	1	0	138	100	6	1909	8	0	1886	1	34	1895	15	42	1887	3	35	1458	25	0	2131	2	0																		
a,mk_aquastone_necklace\0	55	2162	4	915	1	1	0	138	100	6	1910	8	0	1892	1	40	1889	5	37	1887	1	35	1458	65	0	2131	5	0																		
a,mk_earing_of_protection\0	56	2163	5	853	1	1	0	147	100	6	1911	9	0	1892	1	40	1895	5	42	1887	1	35	1459	14	0	2131	5	0																		
a,mk_ring_of_protection\0	57	2164	5	884	1	1	0	147	100	6	1912	9	0	1886	1	34	1895	15	42	1887	3	35	1459	10	0	2131	3	0																		
a,mk_necklace_of_protection\0	58	2165	5	916	1	1	0	147	100	6	1913	9	0	1892	1	40	1889	10	37	1887	2	35	1459	16	0	2131	7	0																		
a,mk_earing_of_binding\0	59	2166	5	854	1	1	0	156	100	6	1914	10	0	1892	1	40	1895	20	42	1887	4	35	1459	22	0	2131	8	0																		
a,mk_ring_of_ages\0	60	2167	5	885	1	1	0	156	100	6	1915	10	0	1886	1	34	1895	30	42	1887	6	35	1459	12	0	2131	5	0																		
a,mk_necklace_of_mermaid\0	61	2168	5	917	1	1	0	156	100	6	1916	10	0	1892	1	40	1889	20	37	1887	4	35	1459	26	0	2131	11	0																		
a,mk_necklace_of_binding\0	62	2169	6	119	1	1	0	165	100	6	1920	11	0	1892	1	40	1889	35	37	1887	7	35	1459	38	0	2131	16	0																		
a,mk_nassen's_earing\0	63	2170	6	855	1	1	0	165	100	6	1918	11	0	1892	1	40	1895	45	42	1887	9	35	1459	28	0	2131	12	0																		
a,mk_ring_of_sage\0	64	2171	7	891	1	1	0	183	100	8	2171	1	0	1919	13	0	1892	1	40	1895	50	42	1887	10	35	4044	10	0	1460	18	0	2132	4	0												
a,mk_sage's_necklace\0	65	2172	7	922	1	1	0	183	100	8	2172	1	0	1917	13	0	4048	1	477	1889	55	37	1887	11	35	4044	11	0	1460	37	0	2132	8	0												
a,mk_hard_leather_shirt\0	66	2173	1	27	1	1	0	72	100	3	1927	3	0	1867	110	0	1868	55	0																											
a,mk_hard_leather_gaiters\0	67	2174	1	33	1	1	0	72	100	3	1929	3	0	1867	55	0	1868	55	0																											
a,mk_boots\0	68	2175	1	39	1	1	0	72	100	3	1930	3	0	1867	40	0	1866	5	0																											
a,mk_leather_boots\0	69	2176	2	40	1	1	0	84	100	4	1931	4	0	1882	8	25	1885	1	33	2130	1	0																								
a,mk_bone_helmet\0	70	2177	2	45	1	1	0	84	100	4	1932	4	0	1883	1	32	1882	15	25	2130	2	0																								
a,mk_dark_hose\0	71	2178	2	467	1	1	0	96	100	5	1933	5	0	1882	20	25	1884	20	26	1458	20	0	2130	4	0																					
a,mk_excellence_leather_gloves\0	72	2179	2	604	1	1	0	84	100	4	1934	4	0	1882	8	25	1885	1	33	2130	1	0																								
a,mk_scale_mail\0	73	2180	2	348	1	1	0	96	100	5	1935	5	0	1883	3	32	1880	20	30	1458	40	0	2130	9	0																					
a,mk_white_tunic\0	74	2181	2	434	1	1	0	96	100	5	1936	5	0	1882	40	25	1884	20	26	1458	28	0	2130	7	0																					
a,mk_scale_gaiters\0	75	2182	2	377	1	1	0	96	100	5	1937	5	0	1883	2	32	1880	14	30	1458	20	0	2130	5	0																					
a,mk_mithril_banded_mail\0	76	2183	3	393	1	1	0	108	100	5	1938	6	0	1883	3	32	1880	25	30	1458	45	0	2130	11	0																					
a,mk_mithril_banded_gaiters\0	77	2184	3	415	1	1	0	108	100	5	1939	6	0	1883	2	32	1880	14	30	1458	30	0	2130	6	0																					
a,mk_iron_boots\0	78	2185	3	553	1	1	0	108	100	5	1940	6	0	1882	16	25	1885	2	33	1458	16	0	2130	3	0																					
a,mk_brigandine\0	79	2186	3	352	1	1	0	120	100	5	1941	7	0	1883	3	32	1880	54	30	1458	90	0	2130	24	0																					
a,mk_manticor_skin_shirt\0	80	2187	3	395	1	1	0	120	100	5	1942	7	0	1882	84	25	1884	42	26	1458	70	0	2130	17	0																					
a,mk_manticor_skin_gaiters\0	81	2188	3	417	1	1	0	120	100	5	1943	7	0	1882	45	25	1884	45	26	1458	45	0	2130	10	0																					
a,mk_mithril_tunic\0	82	2189	3	437	1	1	0	120	100	5	1944	7	0	1882	84	25	1884	42	26	1458	70	0	2130	17	0																					
a,mk_mithril_hose\0	83	2190	3	470	1	1	0	120	100	5	1945	7	0	1882	45	25	1884	45	26	1458	45	0	2130	10	0																					
a,mk_gauntlet_of_repose_of_the_soul\0	84	2191	3	606	1	1	0	120	100	5	1946	7	0	1882	24	25	1885	3	33	1458	24	0	2130	5	0																					
a,mk_kite_shield\0	85	2192	3	629	1	1	0	120	100	6	1947	7	0	1880	12	30	1879	4	29	1882	4	25	1458	24	0	2130	5	0																		
a,mk_boots_of_power\0	86	2193	3	1124	1	1	0	120	100	5	1948	7	0	1882	24	25	1885	3	33	1458	24	0	2130	5	0																					
a,mk_mithril_glove\0	87	2194	4	61	1	1	0	129	100	5	1949	8	0	1882	32	25	1885	4	33	1458	30	0	2130	6	0																					
a,mk_half_plate\0	88	2195	4	353	1	1	0	129	100	5	1950	8	0	1883	3	32	1880	70	30	1458	120	0	2130	32	0																					
a,mk_plate_gaiters\0	89	2196	4	380	1	1	0	129	100	5	1951	8	0	1883	2	32	1880	45	30	1458	70	0	2130	19	0																					
a,mk_slamander_skin_mail\0	90	2197	4	396	1	1	0	129	100	6	1952	8	0	1882	140	25	1884	70	26	1878	35	28	1458	130	0	2130	36	0																		
a,mk_sage's_rag\0	91	2198	4	438	1	1	0	129	100	6	1953	8	0	1882	140	25	1884	70	26	1878	35	28	1458	130	0	2130	36	0																		
a,mk_karmian_hose\0	92	2199	4	471	1	1	0	138	100	5	1954	8	0	1894	15	41	1895	15	42	1458	70	0	2131	6	0																					
a,mk_chain_helmet\0	93	2200	4	497	1	1	0	129	100	5	1955	8	0	1883	1	32	1882	60	25	1458	45	0	2130	10	0																					
a,mk_square_shield\0	94	2201	4	630	1	1	0	129	100	6	1956	8	0	1880	15	30	1879	5	29	1882	5	25	1458	32	0	2130	7	0																		
a,mk_assault_boots\0	95	2202	4	1125	1	1	0	129	100	5	1957	8	0	1882	32	25	1885	4	33	1458	30	0	2130	6	0																					
a,mk_mithril_boots\0	96	2203	4	62	1	1	0	138	100	5	1958	8	0	1894	8	41	1885	1	33	1458	40	0	2130	9	0																					
a,mk_chain_mail_shirt\0	97	2204	4	354	1	1	0	138	100	5	1959	8	0	1892	3	40	1890	1	38	1458	150	0	2131	14	0																					
a,mk_chain_gaiters\0	98	2205	4	381	1	1	0	138	100	5	1960	8	0	1892	2	40	1890	1	38	1458	90	0	2131	8	0																					
a,mk_tempered_mithril_shirt\0	99	2206	4	397	1	1	0	138	100	5	1961	8	0	1894	24	41	1895	12	42	1458	120	0	2131	10	0																					
a,mk_karmian_tunic\0	100	2207	4	439	1	1	0	138	100	5	1962	8	0	1894	24	41	1895	12	42	1458	120	0	2131	10	0																					
a,mk_ogre_power_gauntlet\0	101	2208	4	607	1	1	0	129	100	5	1963	8	0	1882	32	25	1885	4	33	1458	30	0	2130	6	0																					
a,mk_eldarake\0	102	2209	4	631	1	1	0	138	100	6	1964	8	0	1890	3	38	1888	1	36	1894	1	41	1458	40	0	2131	3	0																		
a,mk_metal_plate_helmet\0	103	2210	4	498	1	1	0	141	100	5	1965	9	0	1892	1	40	1894	3	41	1459	14	0	2131	5	0																					
a,mk_plate_leather\0	104	2211	5	398	1	1	0	144	100	5	1966	9	0	1894	30	41	1895	15	42	1459	30	0	2131	12	0																					
a,mk_plate_leather_gaiters\0	105	2212	5	418	1	1	0	144	100	5	1967	9	0	1894	18	41	1895	18	42	1459	18	0	2131	7	0																					
a,mk_dwarven_chain_mail_shirt\0	106	2213	5	355	1	1	0	147	100	5	1968	9	0	1892	3	40	1890	5	38	1459	42	0	2131	19	0																					
a,mk_dwarven_chain_gaiters\0	107	2214	5	382	1	1	0	147	100	5	1969	9	0	1892	2	40	1890	3	38	1459	25	0	2131	11	0																					
a,mk_robe_of_seal\0	108	2215	5	440	1	1	0	147	100	6	1970	9	0	1894	40	41	1895	20	42	1889	10	37	1459	50	0	2131	21	0																		
a,mk_great_helmet\0	109	2216	5	500	1	1	0	147	100	5	1971	9	0	1892	1	40	1894	6	41	1459	16	0	2131	6	0																					
a,mk_knight_shield\0	110	2217	5	632	1	1	0	147	100	6	1972	9	0	1890	4	38	1888	1	36	1894	1	41	1459	12	0	2131	4	0																		
a,mk_paagrio_hand\0	111	2218	5	1120	1	1	0	147	100	5	1973	9	0	1894	10	41	1885	1	33	1459	12	0	2131	4	0																					
a,mk_crimson_boots\0	112	2219	5	1126	1	1	0	147	100	5	1974	9	0	1894	10	41	1885	1	33	1459	12	0	2131	4	0																					
a,mk_rind_leather_mail\0	113	2220	5	399	1	1	0	147	100	5	1975	9	0	1894	32	41	1895	16	42	1459	32	0	2131	14	0																					
a,mk_rind_leather_gaiters\0	114	2221	5	419	1	1	0	147	100	5	1976	9	0	1894	20	41	1895	20	42	1459	20	0	2131	8	0																					
a,mk_composite_armor\0	115	2222	5	60	1	1	0	156	100	6	1977	10	0	1892	4	40	1890	21	38	1887	7	35	1459	95	0	2131	48	0																		
a,mk_tower_shield\0	116	2223	5	103	1	1	0	156	100	6	1978	10	0	1890	6	38	1888	2	36	1894	2	41	1459	17	0	2131	7	0																		
a,mk_demon's_tunic\0	117	2224	5	441	1	1	0	156	100	5	1979	10	0	1894	48	41	1895	24	42	1459	50	0	2131	22	0																					
a,mk_demon's_hose\0	118	2225	5	472	1	1	0	156	100	5	1980	10	0	1894	30	41	1895	30	42	1459	30	0	2131	13	0																					
a,mk_mithril_gauntlet\0	119	2226	5	608	1	1	0	156	100	5	1981	10	0	1894	16	41	1885	2	33	1459	16	0	2131	6	0																					
a,mk_forgotten_boots\0	120	2227	5	1127	1	1	0	156	100	5	1982	10	0	1894	16	41	1885	2	33	1459	16	0	2131	6	0																					
a,mk_shining_circlet\0	121	2228	5	1149	1	1	0	156	100	5	1983	10	0	1892	1	40	1894	14	41	1459	25	0	2131	10	0																					
a,mk_theca_leather_mail\0	122	2229	5	400	1	1	0	159	100	5	1984	10	0	1894	54	41	1895	27	42	1459	55	0	2131	25	0																					
a,mk_theca_leather_gaiters\0	123	2230	5	420	1	1	0	159	100	5	1985	10	0	1894	32	41	1895	32	42	1459	35	0	2131	15	0																					
a,mk_full_plate_armor\0	124	2231	6	356	1	1	0	165	100	6	1986	11	0	1892	4	40	1890	36	38	1887	12	35	1459	140	0	2131	73	0																		
a,mk_drake_leather_mail\0	125	2232	6	401	1	1	0	165	100	6	1987	11	0	1894	96	41	1895	48	42	1889	24	37	1459	100	0	2131	53	0																		
a,mk_divine_tunic\0	126	2233	6	442	1	1	0	165	100	5	1988	11	0	1894	70	41	1895	35	42	1459	72	0	2131	34	0																					
a,mk_divine_hose\0	127	2234	6	473	1	1	0	165	100	5	1989	11	0	1894	42	41	1895	42	42	1459	45	0	2131	20	0																					
a,mk_mithril_helmet\0	128	2235	6	499	1	1	0	165	100	5	1990	11	0	1892	1	40	1894	26	41	1459	36	0	2131	15	0																					
a,mk_pata_i\0	138	5008	6	264	1	1	0	171	60	8	5008	1	0	4103	12	0	1890	70	38	1888	70	36	1885	35	33	4042	35	0	1459	310	0	2132	55	0												
a,mk_gauntlet_of_ghost\0	141	2248	6	609	1	1	0	165	100	5	2003	11	0	1894	24	41	1885	3	33	1459	24	0	2131	10	0																					
a,mk_adamantite_boots\0	142	2249	6	1128	1	1	0	165	100	5	2004	11	0	1894	24	41	1885	3	33	1459	24	0	2131	10	0																					
a,mk_bone_arrow\0	143	2250	2	1341	650	1	0	80	100	2	1864	1	0	1881	1	31																														
a,mk_fine_steel_arrow\0	144	2251	3	1342	600	1	0	100	100	2	1864	4	0	1880	1	30																														
a,mk_iron_hammer\0	145	2252	1	87	1	1	0	72	100	4	2014	3	0	1869	260	0	1870	260	0	1866	130	0																								
a,mk_sword_breaker\0	146	2253	1	219	1	1	0	72	100	3	2015	3	0	1869	365	0	1870	365	0																											
a,mk_composition_bow\0	147	2254	1	273	1	1	0	72	100	4	2016	3	0	1869	400	0	1878	80	28	1866	80	0																								
a,mk_saber\0	148	2255	2	123	1	1	0	84	100	5	2017	4	0	1883	2	32	1880	70	30	1879	70	29	2130	34	0																					
a,mk_assassin_knife\0	149	2256	2	221	1	1	0	84	100	5	2018	4	0	1883	2	32	1880	70	30	1879	70	29	2130	34	0																					
a,mk_trident\0	150	2257	2	291	1	1	0	84	100	5	2019	4	0	1880	80	30	1879	40	29	1885	20	33	2130	34	0																					
a,mk_temptation_of_abyss\0	151	2258	2	313	1	1	0	84	100	5	2020	4	0	1880	30	30	1881	60	31	1878	30	28	2130	34	0																					
a,mk_spinebone_sword\0	152	2259	2	125	1	1	0	96	100	6	2021	5	0	1883	2	32	1880	75	30	1879	75	29	1458	200	0	2130	57	0																		
a,mk_mace_of_judgment\0	153	2260	2	180	1	1	0	96	100	6	2022	5	0	1880	60	30	1879	60	29	1885	30	33	1458	200	0	2130	57	0																		
a,mk_conjure_staff\0	154	2261	2	184	1	1	0	96	100	6	2023	5	0	1880	45	30	1881	90	31	1878	45	28	1458	200	0	2130	57	0																		
a,mk_elven_bow\0	155	2262	2	276	1	1	0	96	100	6	2024	5	0	1880	100	30	1878	20	28	1885	20	33	1458	200	0	2130	57	0																		
a,mk_dwarven_trident\0	156	2263	2	295	1	1	0	96	100	6	2025	5	0	1880	80	30	1879	40	29	1885	20	33	1458	200	0	2130	57	0																		
a,mk_two-handed_sword\0	157	2264	3	124	1	1	0	108	100	6	2026	6	0	1883	3	32	1880	144	30	1879	72	29	1458	300	0	2130	91	0																		
a,mk_spike_club\0	158	2265	3	157	1	1	0	108	100	6	2027	6	0	1880	90	30	1879	90	29	1885	45	33	1458	300	0	2130	91	0																		
a,mk_knife_o'_silenus\0	159	2266	3	241	1	1	0	108	100	6	2028	6	0	1883	2	32	1880	118	30	1879	118	29	1458	300	0	2130	91	0																		
a,mk_gastraphetes\0	160	2267	3	278	1	1	0	108	100	6	2029	6	0	1880	150	30	1878	30	28	1885	30	33	1458	300	0	2130	91	0																		
a,mk_tome_of_blood\0	161	2268	3	317	1	1	0	108	100	6	2030	6	0	1880	70	30	1881	140	31	1878	70	28	1458	300	0	2130	91	0																		
a,mk_morning_star\0	162	2269	3	88	1	1	0	120	100	6	2031	7	0	1880	128	30	1879	128	29	1885	64	33	1458	430	0	2130	139	0																		
a,mk_goathead_staff\0	163	2270	3	90	1	1	0	120	100	6	2032	7	0	1880	100	30	1881	200	31	1878	100	28	1458	430	0	2130	139	0																		
a,mk_winged_spear\0	164	2271	3	93	1	1	0	120	100	6	2033	7	0	1880	180	30	1879	90	29	1885	45	33	1458	430	0	2130	139	0																		
a,mk_sword_of_revolution\0	165	2272	3	129	1	1	0	120	100	6	2034	7	0	1883	2	32	1880	175	30	1879	175	29	1458	430	0	2130	139	0																		
a,mk_tarbar\0	166	2273	3	158	1	1	0	120	100	6	2035	7	0	1880	128	30	1879	128	29	1885	64	33	1458	430	0	2130	139	0																		
a,mk_skull_breaker\0	167	2274	3	169	1	1	0	120	100	6	2036	7	0	1880	128	30	1879	128	29	1885	64	33	1458	430	0	2130	139	0																		
a,mk_heavy_bone_club\0	168	2275	3	172	1	1	0	120	100	6	2037	7	0	1880	128	30	1879	128	29	1885	64	33	1458	430	0	2130	139	0																		
a,mk_maingauche\0	169	2276	3	224	1	1	0	120	100	6	2038	7	0	1883	2	32	1880	175	30	1879	175	29	1458	430	0	2130	139	0																		
a,mk_bich'hwa\0	170	2277	3	261	1	1	0	120	100	6	2039	7	0	1880	128	30	1879	128	29	1885	64	33	1458	430	0	2130	139	0																		
a,mk_strengthening_long_bow\0	171	2278	3	279	1	1	0	120	100	6	2040	7	0	1880	225	30	1878	45	28	1885	45	33	1458	300	0	2130	139	0																		
a,mk_hammer_in_flames\0	172	2279	3	294	1	1	0	120	100	6	2041	7	0	1880	180	30	1879	90	29	1885	45	33	1458	430	0	2130	139	0																		
a,mk_crucifix_of_blood\0	173	2280	3	318	1	1	0	120	100	6	2042	7	0	1880	100	30	1881	200	31	1878	100	28	1458	430	0	2130	139	0																		
a,mk_eye_of_infinity\0	174	2281	3	319	1	1	0	120	100	6	2043	7	0	1880	100	30	1881	200	31	1878	100	28	1458	430	0	2130	139	0																		
a,mk_cursed_maingauche\0	175	2282	3	1660	1	1	0	120	100	6	2044	7	0	1883	2	32	1880	175	30	1879	175	29	1458	430	0	2130	139	0																		
a,mk_blue_crystal_skull\0	176	2283	4	320	1	1	0	123	100	6	2045	7	0	1880	110	30	1881	220	31	1878	110	28	1458	470	0	2130	153	0																		
a,mk_demon_fangs\0	177	2284	4	321	1	1	0	123	100	6	2046	7	0	1880	110	30	1881	220	31	1878	110	28	1458	470	0	2130	153	0																		
a,mk_claymore\0	178	2285	4	70	1	1	0	129	100	6	2047	8	0	1883	3	32	1880	270	30	1879	135	29	1458	550	0	2130	185	0																		
a,mk_bonebreaker\0	179	2286	4	159	1	1	0	129	100	6	2048	8	0	1880	160	30	1879	160	29	1885	80	33	1458	550	0	2130	185	0																		
a,mk_atuba_hammer\0	180	2287	4	187	1	1	0	129	100	6	2049	8	0	1880	220	30	1879	110	29	1885	55	33	1458	550	0	2130	185	0																		
a,mk_ghost_staff\0	181	2288	4	188	1	1	0	129	100	6	2050	8	0	1880	130	30	1881	260	31	1878	130	28	1458	550	0	2130	185	0																		
a,mk_life_stick\0	182	2289	4	189	1	1	0	129	100	6	2051	8	0	1880	130	30	1881	260	31	1878	130	28	1458	550	0	2130	185	0																		
a,mk_mithril_dagger\0	183	2290	4	225	1	1	0	129	100	6	2052	8	0	1883	2	32	1880	220	30	1879	220	29	1458	550	0	2130	185	0																		
a,mk_scallop_jamadhr\0	184	2291	4	262	1	1	0	129	100	6	2053	8	0	1880	160	30	1879	160	29	1885	80	33	1458	550	0	2130	185	0																		
a,mk_cyclone_bow\0	185	2292	4	280	1	1	0	129	100	6	2054	8	0	1880	275	30	1878	55	28	1885	55	33	1458	550	0	2130	185	0																		
a,mk_glaive\0	186	2293	4	297	1	1	0	129	100	6	2055	8	0	1880	220	30	1879	110	29	1885	55	33	1458	550	0	2130	185	0																		
a,mk_vajra_wands\0	187	2294	4	322	1	1	0	129	100	6	2056	8	0	1880	130	30	1881	260	31	1878	130	28	1458	550	0	2130	185	0																		
a,mk_ancient_reagent\0	188	2295	4	323	1	1	0	129	100	6	2057	8	0	1880	130	30	1881	260	31	1878	130	28	1458	550	0	2130	185	0																		
a,mk_atuba_mace\0	189	2296	4	190	1	1	0	129	100	6	2058	8	0	1880	220	30	1879	110	29	1885	55	33	1458	550	0	2130	185	0																		
a,mk_flamberge\0	190	2297	4	71	1	1	0	138	100	7	2059	8	0	1891	3	39	1890	24	38	1888	12	36	5220	48	497	1458	700	0	2131	81	0															
a,mk_stormbringer\0	191	2298	4	72	1	1	0	138	100	7	2060	8	0	1891	2	39	1890	25	38	1888	25	36	5220	50	497	1458	700	0	2131	81	0															
a,mk_big_hammer\0	192	2299	4	89	1	1	0	138	100	7	2061	8	0	1890	30	38	1888	30	36	1885	15	33	5220	60	497	1458	700	0	2131	81	0															
a,mk_scythe\0	193	2300	4	96	1	1	0	138	100	7	2062	8	0	1890	40	38	1888	20	36	1885	10	33	5220	50	497	1458	700	0	2131	81	0															
a,mk_battle_axe\0	194	2301	4	160	1	1	0	138	100	7	2063	8	0	1890	30	38	1888	30	36	1885	15	33	5220	60	497	1458	700	0	2131	81	0															
a,mk_war_pick\0	195	2302	4	161	1	1	0	138	100	7	2064	8	0	1890	30	38	1888	30	36	1885	15	33	5220	60	497	1458	700	0	2131	81	0															
a,mk_skull_graver\0	196	2303	4	173	1	1	0	138	100	7	2065	8	0	1890	30	38	1888	30	36	1885	15	33	5220	60	497	1458	700	0	2131	81	0															
a,mk_heavy_doom_hammer\0	197	2304	4	191	1	1	0	138	100	7	2066	8	0	1890	40	38	1888	20	36	1885	10	33	5220	50	497	1458	700	0	2131	81	0															
a,mk_crystal_staff\0	198	2305	4	192	1	1	0	138	100	7	2067	8	0	1893	20	27	1881	40	31	1889	20	37	5220	60	497	1458	700	0	2131	81	0															
a,mk_stick_of_faith\0	199	2306	4	193	1	1	0	138	100	7	2068	8	0	1893	20	27	1881	40	31	1889	20	37	5220	60	497	1458	700	0	2131	81	0															
a,mk_heavy_doom_axe\0	200	2307	4	194	1	1	0	138	100	7	2069	8	0	1890	40	38	1888	20	36	1885	10	33	5220	50	497	1458	700	0	2131	81	0															
a,mk_cursed_dagger\0	201	2308	4	226	1	1	0	138	100	7	2070	8	0	1891	2	39	1890	25	38	1888	25	36	5220	50	497	1458	700	0	2131	81	0															
a,mk_needle_wolverine\0	202	2309	4	230	1	1	0	138	100	7	2071	8	0	1891	2	39	1890	25	38	1888	25	36	5220	50	497	1458	700	0	2131	81	0															
a,mk_darkelven_dagger\0	203	2310	4	232	1	1	0	138	100	7	2072	8	0	1891	2	39	1890	25	38	1888	25	36	5220	50	497	1458	700	0	2131	81	0															
a,mk_chakram\0	204	2311	4	263	1	1	0	138	100	7	2073	8	0	1890	30	38	1888	30	36	1885	15	33	5220	60	497	1458	700	0	2131	81	0															
a,mk_crystallized_ice_bow\0	205	2312	4	281	1	1	0	138	100	7	2074	8	0	1890	45	38	1889	9	37	1885	9	33	5220	54	497	1458	700	0	2131	81	0															
a,mk_orcish_glaive\0	206	2313	4	298	1	1	0	138	100	7	2075	8	0	1890	40	38	1888	20	36	1885	10	33	5220	50	497	1458	700	0	2131	81	0															
a,mk_body_slasher\0	207	2314	4	302	1	1	0	138	100	7	2076	8	0	1890	40	38	1888	20	36	1885	10	33	5220	50	497	1458	700	0	2131	81	0															
a,mk_shamshir\0	208	2315	5	73	1	1	0	147	100	7	2077	9	0	1891	2	39	1890	33	38	1888	33	36	5220	66	497	1459	180	0	2131	105	0															
a,mk_katana\0	209	2316	5	74	1	1	0	147	100	7	2078	9	0	1891	2	39	1890	33	38	1888	33	36	5220	66	497	1459	180	0	2131	105	0															
a,mk_bech_de_corbin\0	210	2317	5	94	1	1	0	147	100	7	2079	9	0	1890	52	38	1888	26	36	1885	13	33	5220	65	497	1459	170	0	2131	105	0															
a,mk_spirits_sword\0	211	2318	5	131	1	1	0	147	100	7	2080	9	0	1891	2	39	1890	33	38	1888	33	36	5220	66	497	1459	180	0	2131	105	0															
a,mk_raid_sword\0	212	2319	5	133	1	1	0	147	100	7	2081	9	0	1891	2	39	1890	33	38	1888	33	36	5220	66	497	1459	180	0	2131	105	0															
a,mk_cursed_staff\0	213	2320	5	195	1	1	0	147	100	7	2082	9	0	1893	26	27	1881	52	31	1889	26	37	5220	78	497	1459	180	0	2131	105	0															
a,mk_stiletto\0	214	2321	5	227	1	1	0	147	100	7	2083	9	0	1891	2	39	1890	33	38	1888	33	36	5220	66	497	1459	180	0	2131	105	0															
a,mk_dagger_of_magicflame\0	215	2322	5	242	1	1	0	147	100	7	2084	9	0	1891	2	39	1890	33	38	1888	33	36	5220	66	497	1459	180	0	2131	105	0															
a,mk_elemental_bow\0	216	2323	5	282	1	1	0	147	100	7	2085	9	0	1890	60	38	1889	12	37	1885	12	33	5220	72	497	1459	170	0	2131	105	0															
a,mk_noble_elven_bow\0	217	2324	5	285	1	1	0	147	100	7	2086	9	0	1890	60	38	1889	12	37	1885	12	33	5220	72	497	1459	170	0	2131	105	0															
a,mk_caliburs\0	220	2327	5	75	1	1	0	156	100	7	2089	10	0	1891	2	39	1890	50	38	1888	50	36	5220	100	497	1459	300	0	2131	166	0															
a,mk_sword_of_delusion\0	221	2328	5	76	1	1	0	156	100	7	2090	10	0	1891	2	39	1890	50	38	1888	50	36	5220	100	497	1459	300	0	2131	166	0															
a,mk_tsurugi\0	222	2329	5	77	1	1	0	156	100	7	2091	10	0	1891	2	39	1890	50	38	1888	50	36	5220	100	497	1459	300	0	2131	166	0															
a,mk_homunkulus's_sword\0	223	2330	5	84	1	1	0	156	100	7	2092	10	0	1891	2	39	1890	50	38	1888	50	36	5220	100	497	1459	300	0	2131	166	0															
a,mk_poleaxe\0	224	2331	5	95	1	1	0	156	100	7	2093	10	0	1890	72	38	1888	36	36	1885	18	33	5220	90	497	1459	300	0	2131	166	0															
a,mk_sword_of_limit\0	225	2332	5	132	1	1	0	156	100	7	2094	10	0	1891	2	39	1890	50	38	1888	50	36	5220	100	497	1459	300	0	2131	166	0															
a,mk_sword_of_nightmare\0	226	2333	5	134	1	1	0	156	100	7	2095	10	0	1891	2	39	1890	50	38	1888	50	36	5220	100	497	1459	300	0	2131	166	0															
a,mk_deathbreath_sword\0	227	2334	5	145	1	1	0	156	100	7	2096	10	0	1891	2	39	1890	50	38	1888	50	36	5220	100	497	1459	300	0	2131	166	0															
a,mk_war_axe\0	228	2335	5	162	1	1	0	156	100	7	2097	10	0	1890	54	38	1888	54	36	1885	27	33	5220	108	497	1459	300	0	2131	166	0															
a,mk_nirvana_axe\0	229	2336	5	174	1	1	0	156	100	7	2098	10	0	1890	54	38	1888	54	36	1885	27	33	5220	108	497	1459	300	0	2131	166	0															
a,mk_stick_of_eternity\0	230	2337	5	196	1	1	0	156	100	7	2099	10	0	1893	37	27	1881	74	31	1889	37	37	5220	111	497	1459	300	0	2131	166	0															
a,mk_paradia_staff\0	231	2338	5	197	1	1	0	156	100	7	2100	10	0	1893	37	27	1881	74	31	1889	37	37	5220	111	497	1459	300	0	2131	166	0															
a,mk_inferno_staff\0	232	2339	5	198	1	1	0	156	100	7	2101	10	0	1893	37	27	1881	74	31	1889	37	37	5220	111	497	1459	300	0	2131	166	0															
a,mk_paagrio_hammer\0	233	2340	5	199	1	1	0	156	100	7	2102	10	0	1890	72	38	1888	36	36	1885	18	33	5220	90	497	1459	300	0	2131	166	0															
a,mk_sage's_staff\0	234	2341	5	200	1	1	0	156	100	7	2103	10	0	1893	37	27	1881	74	31	1889	37	37	5220	111	497	1459	300	0	2131	166	0															
a,mk_club_of_nature\0	235	2342	5	201	1	1	0	156	100	7	2104	10	0	1893	37	27	1881	74	31	1889	37	37	5220	111	497	1459	300	0	2131	166	0															
a,mk_mace_of_underworld\0	236	2343	5	202	1	1	0	156	100	7	2105	10	0	1890	54	38	1888	54	36	1885	27	33	5220	108	497	1459	300	0	2131	166	0															
a,mk_grace_dagger\0	237	2344	5	231	1	1	0	156	100	7	2106	10	0	1891	2	39	1890	50	38	1888	50	36	5220	100	497	1459	300	0	2131	166	0															
a,mk_dark_screamer\0	238	2345	5	233	1	1	0	156	100	7	2107	10	0	1891	2	39	1890	50	38	1888	50	36	5220	100	497	1459	300	0	2131	166	0															
a,mk_fist_blade\0	239	2346	5	265	1	1	0	156	100	7	2108	10	0	1890	54	38	1888	54	36	1885	27	33	5220	108	497	1459	300	0	2131	166	0															
a,mk_akat_long_bow\0	240	2347	5	283	1	1	0	156	100	7	2109	10	0	1890	85	38	1889	17	37	1885	17	33	5220	102	497	1459	290	0	2131	166	0															
a,mk_paagrio_axe\0	243	2350	5	203	1	1	0	159	100	7	2112	10	0	1890	80	38	1888	40	36	1885	20	33	5220	100	497	1459	330	0	2131	187	0															
a,mk_scorpion\0	244	2351	5	301	1	1	0	159	100	7	2113	10	0	1890	80	38	1888	40	36	1885	20	33	5220	100	497	1459	330	0	2131	187	0															
a,mk_widow_maker\0	245	2352	5	303	1	1	0	159	100	7	2114	10	0	1890	80	38	1888	40	36	1885	20	33	5220	100	497	1459	330	0	2131	187	0															
a,mk_samurai_longsword\0	246	2353	6	135	1	1	0	165	100	7	2115	11	0	1891	3	39	1890	82	38	1888	41	36	5220	164	497	1459	410	0	2131	248	0															
a,mk_deadman's_staff\0	247	2354	6	204	1	1	0	165	100	7	2116	11	0	1893	54	27	1881	108	31	1889	54	37	5220	162	497	1459	410	0	2131	248	0															
a,mk_ghoul's_staff\0	248	2355	6	205	1	1	0	165	100	7	2117	11	0	1893	54	27	1881	108	31	1889	54	37	5220	162	497	1459	410	0	2131	248	0															
a,mk_demon's_staff\0	249	2356	6	206	1	1	0	165	100	7	2118	11	0	1893	54	27	1881	108	31	1889	54	37	5220	162	497	1459	410	0	2131	248	0															
a,mk_crystal_dagger\0	250	2357	6	228	1	1	0	165	100	7	2119	11	0	1891	2	39	1890	76	38	1888	76	36	5220	152	497	1459	410	0	2131	248	0															
a,mk_great_pata\0	251	2358	6	266	1	1	0	165	100	7	2120	11	0	1890	80	38	1888	80	36	1885	40	33	5220	160	497	1459	410	0	2131	248	0															
a,mk_eminence_bow\0	252	2359	6	286	1	1	0	165	100	7	2121	11	0	1890	120	38	1889	24	37	1885	24	33	5220	144	497	1459	420	0	2131	248	0															
a,mk_orcish_poleaxe\0	253	2360	6	299	1	1	0	165	100	7	2122	11	0	1890	104	38	1888	52	36	1885	26	33	5220	130	497	1459	420	0	2131	248	0															
a,mk_ring_of_binding\0	261	2970	6	886	1	1	0	165	100	6	2917	11	0	1886	1	34	1895	40	42	1887	8	35	1459	20	0	2131	7	0																		
a,mk_mithril_scale_gaiters\0	262	2971	3	2377	1	1	0	120	100	5	2918	7	0	1883	2	32	1880	32	30	1458	60	0	2130	14	0																					
a,mk_brigandine_gaiters\0	263	2972	3	2378	1	1	0	120	100	5	2919	7	0	1883	2	32	1880	32	30	1458	60	0	2130	14	0																					
a,mk_elven_mithril_tunic\0	264	2973	3	2396	1	1	0	120	100	5	2920	7	0	1882	84	25	1884	42	26	1458	70	0	2130	17	0																					
a,mk_elven_mithril_hose\0	265	2974	3	2401	1	1	0	120	100	5	2921	7	0	1882	45	25	1884	45	26	1458	45	0	2130	10	0																					
a,mk_brigandine_helmet\0	266	2975	3	2411	1	1	0	120	100	5	2922	7	0	1883	1	32	1882	20	25	1458	35	0	2130	8	0																					
a,mk_manticor_skin_boots\0	267	2976	3	2424	1	1	0	120	100	5	2923	7	0	1882	24	25	1885	3	33	1458	24	0	2130	5	0																					
a,mk_brigandine_boots\0	268	2977	3	2425	1	1	0	120	100	5	2924	7	0	1882	24	25	1885	3	33	1458	24	0	2130	5	0																					
a,mk_elven_mithril_boots\0	269	2978	3	2426	1	1	0	120	100	5	2925	7	0	1882	24	25	1885	3	33	1458	24	0	2130	5	0																					
a,mk_manticor_skin_gloves\0	270	2979	3	2448	1	1	0	120	100	5	2926	7	0	1882	24	25	1885	3	33	1458	24	0	2130	5	0																					
a,mk_brigandine_gauntlet\0	271	2980	3	2449	1	1	0	120	100	5	2927	7	0	1882	24	25	1885	3	33	1458	24	0	2130	5	0																					
a,mk_elven_mithril_gloves\0	272	2981	3	2450	1	1	0	120	100	5	2928	7	0	1882	24	25	1885	3	33	1458	24	0	2130	5	0																					
a,mk_brigandine_shield\0	273	2982	3	2493	1	1	0	120	100	6	2929	7	0	1880	12	30	1879	4	29	1882	4	25	1458	24	0	2130	5	0																		
a,mk_plate_helmet\0	274	2983	4	2412	1	1	0	129	100	5	2930	8	0	1883	1	32	1882	60	25	1458	45	0	2130	10	0																					
a,mk_slamander_skin_boots\0	275	2984	4	2427	1	1	0	129	100	5	2931	8	0	1882	32	25	1885	4	33	1458	30	0	2130	6	0																					
a,mk_plate_boots\0	276	2985	4	2428	1	1	0	129	100	5	2932	8	0	1882	32	25	1885	4	33	1458	30	0	2130	6	0																					
a,mk_sage's_worn_gloves\0	277	2986	4	2451	1	1	0	129	100	5	2933	8	0	1882	32	25	1885	4	33	1458	30	0	2130	6	0																					
a,mk_plate_shield\0	278	2987	4	2494	1	1	0	129	100	6	2934	8	0	1880	15	30	1879	5	29	1882	5	25	1458	32	0	2130	7	0																		
a,mk_tempered_mithril_gaiters\0	279	2988	4	2387	1	1	0	138	100	5	2935	8	0	1894	15	41	1895	15	42	1458	70	0	2131	6	0																					
a,mk_chain_hood\0	280	2989	4	2413	1	1	0	138	100	5	2936	8	0	1892	1	40	1894	2	41	1458	60	0	2131	5	0																					
a,mk_chain_boots\0	281	2990	4	2429	1	1	0	138	100	5	2937	8	0	1894	8	41	1885	1	33	1458	40	0	2131	3	0																					
a,mk_karmian_boots\0	282	2991	4	2430	1	1	0	138	100	5	2938	8	0	1894	8	41	1885	1	33	1458	40	0	2131	3	0																					
a,mk_plate_leather_boots\0	283	2992	4	2431	1	1	0	138	100	5	2939	8	0	1894	8	41	1885	1	33	1458	40	0	2131	3	0																					
a,mk_dwarven_chain_boots\0	284	2993	4	2432	1	1	0	138	100	5	2940	8	0	1894	8	41	1885	1	33	1458	40	0	2131	3	0																					
a,mk_boots_of_seal\0	285	2994	4	2433	1	1	0	138	100	5	2941	8	0	1894	8	41	1885	1	33	1458	40	0	2131	3	0																					
a,mk_reinforce_mithril_gloves\0	286	2995	4	2452	1	1	0	138	100	5	2942	8	0	1894	8	41	1885	1	33	1458	40	0	2131	3	0																					
a,mk_chain_gloves\0	287	2996	4	2453	1	1	0	138	100	5	2943	8	0	1894	8	41	1885	1	33	1458	40	0	2131	3	0																					
a,mk_karmian_gloves\0	288	2997	4	2454	1	1	0	138	100	5	2944	8	0	1894	8	41	1885	1	33	1458	40	0	2131	3	0																					
a,mk_chain_shield\0	289	2998	4	2495	1	1	0	138	100	6	2945	8	0	1890	3	38	1888	1	36	1894	1	41	1458	40	0	2131	3	0																		
a,mk_plate_leather_gloves\0	290	2999	5	2455	1	1	0	144	100	5	2946	9	0	1894	8	41	1885	1	33	1459	10	0	2131	3	0																					
a,mk_dwarven_chain_shield\0	291	3000	5	2496	1	1	0	144	100	6	2947	9	0	1890	3	38	1888	1	36	1894	1	41	1459	12	0	2131	4	0																		
a,mk_rind_leather_boots\0	292	3001	5	2434	1	1	0	147	100	5	2948	9	0	1894	10	41	1885	1	33	1459	12	0	2131	4	0																					
a,mk_dwarven_chain_gloves\0	293	3002	5	2456	1	1	0	147	100	5	2949	9	0	1894	10	41	1885	1	33	1459	12	0	2131	4	0																					
a,mk_gloves_of_seal\0	294	3003	5	2457	1	1	0	147	100	5	2950	9	0	1894	10	41	1885	1	33	1459	12	0	2131	4	0																					
a,mk_rind_leather_gloves\0	295	3004	5	2458	1	1	0	147	100	5	2951	9	0	1894	10	41	1885	1	33	1459	12	0	2131	4	0																					
a,mk_demon's_boots\0	296	3005	5	2435	1	1	0	156	100	5	2952	10	0	1894	16	41	1885	2	33	1459	16	0	2131	6	0																					
a,mk_demon's_gloves\0	297	3006	5	2459	1	1	0	156	100	5	2953	10	0	1894	16	41	1885	2	33	1459	16	0	2131	6	0																					
a,mk_theca_leather_boots\0	298	3007	5	2436	1	1	0	159	100	5	2954	10	0	1894	18	41	1885	2	33	1459	20	0	2131	7	0																					
a,mk_theca_leather_gloves\0	299	3008	5	2460	1	1	0	159	100	5	2955	10	0	1894	18	41	1885	2	33	1459	20	0	2131	7	0																					
a,mk_composite_boots\0	300	3009	5	64	1	1	0	156	100	5	2956	10	0	1894	16	41	1885	2	33	1459	16	0	2131	6	0																					
a,mk_composite_helmet\0	301	3010	5	517	1	1	0	156	100	5	2957	10	0	1892	1	40	1894	14	41	1459	25	0	2131	10	0																					
a,mk_divine_boots\0	302	3011	6	603	1	1	0	165	100	5	2958	11	0	1894	24	41	1885	3	33	1459	24	0	2131	10	0																					
a,mk_full_plate_helmet\0	303	3012	6	2414	1	1	0	165	100	5	2959	11	0	1892	1	40	1894	26	41	1459	36	0	2131	15	0																					
a,mk_drake_leather_boots\0	304	3013	6	2437	1	1	0	165	100	5	2960	11	0	1894	24	41	1885	3	33	1459	24	0	2131	10	0																					
a,mk_full_plate_boots\0	305	3014	6	2438	1	1	0	165	100	5	2961	11	0	1894	24	41	1885	3	33	1459	24	0	2131	10	0																					
a,mk_drake_leather_gloves\0	306	3015	6	2461	1	1	0	165	100	5	2962	11	0	1894	24	41	1885	3	33	1459	24	0	2131	10	0																					
a,mk_full_plate_gauntlet\0	307	3016	6	2462	1	1	0	165	100	5	2963	11	0	1894	24	41	1885	3	33	1459	24	0	2131	10	0																					
a,mk_blessed_gloves\0	308	3017	6	2463	1	1	0	165	100	5	2964	11	0	1894	24	41	1885	3	33	1459	24	0	2131	10	0																					
a,mk_full_plate_shield\0	310	3019	6	2497	1	1	0	165	100	6	2966	11	0	1890	9	38	1888	3	36	1894	3	41	1459	25	0	2131	10	0																		
a,mk_elven_long_sword\0	311	3020	4	2499	1	1	0	129	100	6	2967	8	0	1883	2	32	1880	220	30	1879	220	29	1458	550	0	2130	185	0																		
a,mk_dwarven_warhammer\0	312	3021	5	2502	1	1	0	147	100	7	2968	9	0	1890	38	38	1888	38	36	1885	19	33	5220	76	497	1459	180	0	2131	105	0															
a,mk_yaksa_mace\0	313	3022	6	2503	1	1	0	165	100	7	2969	11	0	1890	80	38	1888	80	36	1885	40	33	5220	160	497	1459	410	0	2131	248	0															
a,mk_titan_key\0	314	3023	1	3030	1	1	0	100	100	4	3273	20	0	3274	10	0	3275	10	0	1458	10	0																								
a,mk_journeyman_ring\0	315	3024	1	3139	1	1	0	100	100	5	3138	1	0	3134	1	0	1880	1	30	1865	10	0	1458	10	0																					
a,mk_amber_bead\0	316	3025	2	3136	5	1	0	100	100	1	3137	1	0																																	
a,mk_spiritshot_d\0	317	3032	2	2510	100	1	0	60	100	2	3031	3	0	1458	1	0																														
a,mk_spiritshot_c\0	318	3033	4	2511	200	1	0	120	100	2	3031	10	0	1459	1	0																														
a,mk_spiritshot_b\0	319	3034	6	2512	150	1	0	180	100	2	3031	15	0	1460	1	0																														
a,q_mk_titans_powerstone\0	322	3838	2	3846	1	1	0	100	25	1	3845	1	0																																	
a,mk_blessed_spiritshot_d\0	323	3953	2	3948	100	1	0	60	100	2	3031	8	0	1458	2	0																														
a,mk_blessed_spiritshot_c\0	324	3954	4	3949	200	1	0	120	100	2	3031	30	0	1459	2	0																														
a,mk_blessed_spiritshot_b\0	325	3955	6	3950	100	1	0	180	100	2	3031	16	0	1460	2	0																														
a,mk_adamantite_earing_i\0	328	4937	6	856	1	1	0	174	70	8	4937	1	0	4049	12	0	1892	1	40	1895	30	42	1887	6	35	4044	6	0	1459	28	0	2132	4	0												
a,mk_adamantite_earing_ii\0	329	4126	6	856	1	1	0	174	100	8	4126	1	0	4049	12	0	4048	1	477	1895	40	42	1887	8	35	4044	8	0	1459	35	0	2132	4	0												
a,mk_adamantite_ring_i\0	330	4938	6	887	1	1	0	174	70	8	4938	1	0	4050	12	0	1886	1	34	1895	25	42	1887	5	35	4044	5	0	1459	22	0	2132	2	0												
a,mk_adamantite_ring_ii\0	331	4127	6	887	1	1	0	174	100	8	4127	1	0	4050	12	0	1892	1	40	1895	30	42	1887	6	35	4044	6	0	1459	32	0	2132	2	0												
a,mk_adamantite_necklace_i\0	332	4939	6	918	1	1	0	174	70	8	4939	1	0	4051	12	0	1892	1	40	1889	30	37	1887	6	35	4044	6	0	1459	34	0	2132	5	0												
a,mk_adamantite_necklace_ii\0	333	4128	6	918	1	1	0	174	100	8	4128	1	0	4051	12	0	4048	1	477	1889	35	37	1887	7	35	4044	7	0	1459	58	0	2132	5	0												
a,mk_earing_of_black_ore_i\0	334	4973	7	864	1	1	0	183	70	8	4973	1	0	4052	13	0	1892	1	40	1895	50	42	1887	10	35	4044	10	0	1460	16	0	2132	6	0												
a,mk_earing_of_black_ore_ii\0	335	4129	7	864	1	1	0	183	100	8	4129	1	0	4052	13	0	4048	1	477	1895	65	42	1887	13	35	4044	13	0	1460	25	0	2132	6	0												
a,mk_ring_of_black_ore_i\0	336	4974	7	895	1	1	0	183	70	8	4974	1	0	4053	13	0	1886	1	34	1895	40	42	1887	8	35	4044	8	0	1460	10	0	2132	4	0												
a,mk_ring_of_black_ore_ii\0	337	4130	7	895	1	1	0	183	100	8	4130	1	0	4053	13	0	1892	1	40	1895	50	42	1887	10	35	4044	10	0	1460	18	0	2132	4	0												
a,mk_necklace_of_black_ore_i\0	338	4975	7	926	1	1	0	183	70	8	4975	1	0	4054	13	0	1892	1	40	1889	40	37	1887	8	35	4044	8	0	1460	20	0	2132	8	0												
a,mk_necklace_of_black_ore_ii\0	339	4131	7	926	1	1	0	183	100	8	4131	1	0	4054	13	0	4048	1	477	1889	55	37	1887	11	35	4044	11	0	1460	37	0	2132	8	0												
a,mk_composite_shield\0	340	4132	5	107	1	1	0	156	100	6	4055	10	0	1890	6	38	1888	2	36	1894	2	41	1459	17	0	2131	7	0																		
a,mk_shrnoen's_breastplate_i\0	341	4940	6	357	1	1	0	174	60	7	4940	1	0	4056	12	0	1892	3	40	1890	18	38	4043	12	0	1459	82	0	2132	12	0															
a,mk_shrnoen's_breastplate_ii\0	342	4133	6	357	1	1	0	174	100	7	4133	1	0	4056	12	0	4048	3	477	1890	33	38	4043	22	0	1459	129	0	2132	12	0															
a,mk_shrnoen's_gaiters_i\0	343	4941	6	383	1	1	0	174	60	7	4941	1	0	4057	12	0	1892	2	40	1890	12	38	4043	8	0	1459	45	0	2132	7	0															
a,mk_shrnoen's_gaiters_ii\0	344	4134	6	383	1	1	0	174	100	7	4134	1	0	4057	12	0	4048	2	477	1890	21	38	4043	14	0	1459	72	0	2132	7	0															
a,mk_silent_boots_ii\0	348	4136	6	572	1	1	0	174	100	8	4136	1	0	4059	12	0	4046	1	475	1894	24	41	1885	3	33	4043	3	0	1459	33	0	2132	2	0												
a,mk_avadon_breastplate_i\0	357	4944	6	2376	1	1	0	174	60	7	4944	1	0	4064	12	0	1892	3	40	1890	18	38	4043	12	0	1459	82	0	2132	12	0															
a,mk_avadon_breastplate_ii\0	358	4141	6	2376	1	1	0	174	100	7	4141	1	0	4064	12	0	4048	3	477	1890	33	38	4043	22	0	1459	129	0	2132	12	0															
a,mk_avadon_gaiters_i\0	359	4945	6	2379	1	1	0	174	60	7	4945	1	0	4065	12	0	1892	2	40	1890	12	38	4043	8	0	1459	45	0	2132	7	0															
a,mk_avadon_gaiters_ii\0	360	4142	6	2379	1	1	0	174	100	7	4142	1	0	4065	12	0	4048	2	477	1890	21	38	4043	14	0	1459	72	0	2132	7	0															
a,mk_shrnoen's_leather_shirts_i\0	361	4946	6	2384	1	1	0	174	60	7	4946	1	0	4066	12	0	1894	40	41	1895	20	42	4043	20	0	1459	65	0	2132	9	0															
a,mk_shrnoen's_leather_shirts_ii\0	362	4143	6	2384	1	1	0	174	100	8	4143	1	0	4066	12	0	4046	2	475	1894	58	41	1895	29	42	4043	29	0	1459	118	0	2132	9	0												
a,mk_shrnoen's_leather_gaiters_i\0	363	4947	6	2388	1	1	0	174	60	7	4947	1	0	4067	12	0	1894	20	41	1895	20	42	4043	20	0	1459	34	0	2132	5	0															
a,mk_shrnoen's_leather_gaiters_ii\0	364	4144	6	2388	1	1	0	174	100	8	4144	1	0	4067	12	0	4046	1	475	1894	29	41	1895	29	42	4043	29	0	1459	70	0	2132	5	0												
a,mk_avadon_leather_mail_i\0	365	4948	6	2390	1	1	0	174	60	8	4948	1	0	4068	12	0	1894	65	41	1895	32	42	1889	16	37	4043	16	0	1459	95	0	2132	14	0												
a,mk_avadon_leather_mail_ii\0	366	4145	6	2390	1	1	0	174	100	9	4145	1	0	4068	12	0	4046	3	475	1894	96	41	1895	48	42	1889	24	37	4043	24	0	1459	161	0	2132	14	0									
a,mk_tunic_of_shrnoen_i\0	367	4949	6	2397	1	1	0	174	60	7	4949	1	0	4069	12	0	1894	40	41	1895	20	42	4043	20	0	1459	65	0	2132	9	0															
a,mk_tunic_of_shrnoen_ii\0	368	4146	6	2397	1	1	0	174	100	8	4146	1	0	4069	12	0	4046	2	475	1894	58	41	1895	29	42	4043	29	0	1459	118	0	2132	9	0												
a,mk_hose_of_shrnoen_i\0	369	4950	6	2402	1	1	0	174	60	7	4950	1	0	4070	12	0	1894	20	41	1895	20	42	4043	20	0	1459	34	0	2132	5	0															
a,mk_hose_of_shrnoen_ii\0	370	4147	6	2402	1	1	0	174	100	8	4147	1	0	4070	12	0	4046	1	475	1894	29	41	1895	29	42	4043	29	0	1459	70	0	2132	5	0												
a,mk_avadon_robe_i\0	371	4951	6	2406	1	1	0	174	60	8	4951	1	0	4071	12	0	1894	65	41	1895	32	42	1889	16	37	4043	16	0	1459	95	0	2132	14	0												
a,mk_avadon_robe_ii\0	372	4148	6	2406	1	1	0	174	100	9	4148	1	0	4071	12	0	4046	3	475	1894	96	41	1895	48	42	1889	24	37	4043	24	0	1459	161	0	2132	14	0									
a,mk_avadon_circlet_i\0	373	4952	6	2415	1	1	0	174	60	7	4952	1	0	4072	12	0	1892	1	40	1894	20	41	4043	2	0	1459	30	0	2132	4	0															
a,mk_avadon_circlet_ii\0	374	4149	6	2415	1	1	0	174	100	7	4149	1	0	4072	12	0	4048	1	477	1894	40	41	4043	4	0	1459	41	0	2132	4	0															
a,mk_avadon_gloves_i\0	375	4953	6	2464	1	1	0	174	60	7	4953	1	0	4073	12	0	1894	16	41	1885	2	33	4043	2	0	1459	25	0	2132	2	0															
a,mk_avadon_gloves_ii\0	376	4150	6	2464	1	1	0	174	100	8	4150	1	0	4073	12	0	4046	1	475	1894	24	41	1885	3	33	4043	3	0	1459	33	0	2132	2	0												
a,mk_guardian's_gloves_ii\0	380	4152	6	2466	1	1	0	174	100	8	4152	1	0	4075	12	0	4046	1	475	1894	32	41	1885	4	33	4043	4	0	1459	15	0	2132	2	0												
a,mk_doom_shield_i\0	383	4980	7	110	1	1	0	183	60	8	4980	1	0	4077	13	0	1890	9	38	1888	3	36	1894	3	41	4043	3	0	1460	15	0	2132	4	0												
a,mk_doom_shield_ii\0	384	4154	7	110	1	1	0	183	100	9	4154	1	0	4077	13	0	4046	1	475	1890	9	38	1888	3	36	1894	3	41	4043	3	0	1460	20	0	2132	4	0									
a,mk_blue_wolve's_breastplate_i\0	385	4981	7	358	1	1	0	183	60	7	4981	1	0	4078	13	0	1892	3	40	1890	36	38	4043	24	0	1460	40	0	2132	20	0															
a,mk_blue_wolve's_breastplate_ii\0	386	4155	7	358	1	1	0	183	100	7	4155	1	0	4078	13	0	4048	3	477	1890	54	38	4043	36	0	1460	89	0	2132	20	0															
a,mk_blue_wolve's_gaiters_i\0	389	4982	7	2380	1	1	0	183	60	7	4982	1	0	4080	13	0	1892	2	40	1890	24	38	4043	16	0	1460	20	0	2132	12	0															
a,mk_blue_wolve's_gaiters_ii\0	390	4157	7	2380	1	1	0	183	100	7	4157	1	0	4080	13	0	4048	2	477	1890	36	38	4043	24	0	1460	49	0	2132	12	0															
a,mk_doom_plate_armor_i\0	391	4983	7	2381	1	1	0	183	60	8	4983	1	0	4081	13	0	1892	4	40	1890	45	38	1887	15	35	4043	30	0	1460	60	0	2132	31	0												
a,mk_doom_plate_armor_ii\0	392	4158	7	2381	1	1	0	183	100	8	4158	1	0	4081	13	0	4048	4	477	1890	69	38	1887	23	35	4043	46	0	1460	136	0	2132	31	0												
a,mk_blue_wolve's_leather_mail_i\0	393	4984	7	2391	1	1	0	183	60	8	4984	1	0	4082	12	0	1894	100	41	1895	50	42	1889	25	37	4043	25	0	1460	48	0	2132	22	0												
a,mk_blue_wolve's_leather_mail_ii\0	394	4159	7	2391	1	1	0	183	100	9	4159	1	0	4082	12	0	4046	3	475	1894	140	41	1895	75	42	1889	35	37	4043	35	0	1460	107	0	2132	22	0									
a,mk_leather_mail_of_doom_i\0	395	4985	7	2392	1	1	0	183	60	8	4985	1	0	4083	12	0	1894	100	41	1895	50	42	1889	25	37	4043	25	0	1460	48	0	2132	22	0												
a,mk_leather_mail_of_doom_ii\0	396	4160	7	2392	1	1	0	183	100	9	4160	1	0	4083	12	0	4046	3	475	1894	140	41	1895	70	42	1889	35	37	4043	35	0	1460	107	0	2132	22	0									
a,mk_blue_wolve's_tunic_i\0	397	4986	7	2398	1	1	0	183	60	7	4986	1	0	4084	13	0	1894	64	41	1895	32	42	4043	32	0	1460	32	0	2132	14	0															
a,mk_blue_wolve's_tunic_ii\0	398	4161	7	2398	1	1	0	183	100	8	4161	1	0	4084	13	0	4046	2	475	1894	88	41	1895	44	42	4043	44	0	1460	73	0	2132	14	0												
a,mk_tunic_of_doom_i\0	399	4987	7	2399	1	1	0	183	60	7	4987	1	0	4085	13	0	1894	64	41	1895	32	42	4043	32	0	1460	32	0	2132	14	0															
a,mk_tunic_of_doom_ii\0	400	4162	7	2399	1	1	0	183	100	8	4162	1	0	4085	13	0	4046	2	475	1894	88	41	1895	44	42	4043	44	0	1460	73	0	2132	14	0												
a,mk_blue_wolve's_hose_i\0	401	4988	7	2403	1	1	0	183	60	7	4988	1	0	4086	13	0	1894	30	41	1895	30	42	4043	30	0	1460	18	0	2132	8	0															
a,mk_blue_wolve's_hose_ii\0	402	4163	7	2403	1	1	0	183	100	8	4163	1	0	4086	13	0	4046	1	475	1894	41	41	1895	41	42	4043	41	0	1460	47	0	2132	8	0												
a,mk_hose_of_doom_i\0	403	4989	7	2404	1	1	0	183	60	7	4989	1	0	4087	13	0	1894	30	41	1895	30	42	4043	30	0	1460	18	0	2132	8	0															
a,mk_hose_of_doom_ii\0	404	4164	7	2404	1	1	0	183	100	8	4164	1	0	4087	13	0	4046	1	475	1894	41	41	1895	41	42	4043	41	0	1460	47	0	2132	8	0												
a,mk_blue_wolve's_helmet_i\0	405	4990	7	2416	1	1	0	183	60	7	4990	1	0	4088	13	0	1892	1	40	1894	40	41	4043	4	0	1460	14	0	2132	7	0															
a,mk_blue_wolve's_helmet_ii\0	406	4165	7	2416	1	1	0	183	100	7	4165	1	0	4088	13	0	4048	1	477	1894	50	41	4043	5	0	1460	39	0	2132	7	0															
a,mk_doom_helmet_i\0	407	4991	7	2417	1	1	0	183	60	7	4991	1	0	4089	13	0	1892	1	40	1894	40	41	4043	4	0	1460	14	0	2132	7	0															
a,mk_doom_helmet_ii\0	408	4166	7	2417	1	1	0	183	100	7	4166	1	0	4089	13	0	4048	1	477	1894	50	41	4043	5	0	1460	39	0	2132	7	0															
a,mk_blue_wolve's_boots_i\0	409	4992	7	2439	1	1	0	183	60	7	4992	1	0	4090	13	0	1894	32	41	1885	4	33	4043	4	0	1460	8	0	2132	4	0															
a,mk_blue_wolve's_boots_ii\0	410	4167	7	2439	1	1	0	183	100	8	4167	1	0	4090	13	0	4046	1	475	1894	48	41	1885	6	33	4043	6	0	1460	15	0	2132	4	0												
a,mk_doom_gloves_i\0	411	4993	7	2475	1	1	0	183	60	7	4993	1	0	4091	13	0	1894	32	41	1885	4	33	4043	4	0	1460	8	0	2132	4	0															
a,mk_doom_gloves_ii\0	412	4168	7	2475	1	1	0	183	100	8	4168	1	0	4091	13	0	4046	1	475	1894	48	41	1885	6	33	4043	6	0	1460	15	0	2132	4	0												
a,mk_blue_wolve's_gloves_i\0	421	4998	7	2487	1	1	0	183	60	7	4998	1	0	4096	13	0	1894	32	41	1885	4	33	4043	4	0	1460	8	0	2132	4	0															
a,mk_blue_wolve's_gloves_ii\0	422	4173	7	2487	1	1	0	183	100	8	4173	1	0	4096	13	0	4046	1	475	1894	48	41	1885	6	33	4043	6	0	1460	15	0	2132	4	0												
a,mk_shrnoen's_boots_i\0	423	4958	6	554	1	1	0	174	60	7	4958	1	0	4097	12	0	1894	16	41	1885	2	33	4043	2	0	1459	25	0	2132	2	0															
a,mk_shrnoen's_boots_ii\0	424	4174	6	554	1	1	0	174	100	8	4174	1	0	4097	12	0	4046	1	475	1894	24	41	1885	3	33	4043	3	0	1459	33	0	2132	2	0												
a,mk_avadon_boots_i\0	425	4959	6	600	1	1	0	174	60	7	4959	1	0	4098	12	0	1894	16	41	1885	2	33	4043	2	0	1459	25	0	2132	2	0															
a,mk_avadon_boots_ii\0	426	4175	6	600	1	1	0	174	100	8	4175	1	0	4098	12	0	4046	1	475	1894	24	41	1885	3	33	4043	3	0	1459	33	0	2132	2	0												
a,mk_doom_boots_i\0	427	4999	7	601	1	1	0	183	60	7	4999	1	0	4099	13	0	1894	32	41	1885	4	33	4043	4	0	1460	8	0	2132	4	0															
a,mk_doom_boots_ii\0	428	4176	7	601	1	1	0	183	100	8	4176	1	0	4099	13	0	4046	1	475	1894	48	41	1885	6	33	4043	6	0	1460	15	0	2132	4	0												
a,mk_shrnoen's_gauntlet_i\0	429	4960	6	612	1	1	0	174	60	7	4960	1	0	4100	12	0	1894	16	41	1885	2	33	4043	2	0	1459	25	0	2132	2	0															
a,mk_shrnoen's_gauntlet_ii\0	430	4177	6	612	1	1	0	174	100	8	4177	1	0	4100	12	0	4046	1	475	1894	24	41	1885	3	33	4043	3	0	1459	33	0	2132	2	0												
a,mk_shrnoen's_shield_i\0	431	4961	6	633	1	1	0	174	60	8	4961	1	0	4101	12	0	1890	6	38	1888	2	36	1894	2	41	4043	2	0	1459	25	0	2132	3	0												
a,mk_shrnoen's_shield_ii\0	432	4178	6	633	1	1	0	174	100	9	4178	1	0	4101	12	0	4046	1	475	1890	12	38	1888	4	36	1894	4	41	4043	4	0	1459	16	0	2132	3	0									
a,mk_shrnoen's_helmet_i\0	433	4962	6	503	1	1	0	174	60	7	4962	1	0	4102	12	0	1892	1	40	1894	20	41	4043	2	0	1459	30	0	2132	4	0															
a,mk_shrnoen's_helmet_ii\0	434	4179	6	503	1	1	0	174	100	7	4179	1	0	4102	12	0	4048	1	477	1894	40	41	4043	4	0	1459	41	0	2132	4	0															
a,mk_silver_arrow\0	435	4180	4	1343	550	1	0	120	100	2	1878	1	28	1873	5	0																														
a,mk_pata_i\0	436	5008	6	264	1	1	0	171	60	8	5008	1	0	4103	12	0	1890	70	38	1888	70	36	1885	35	33	4042	35	0	1459	310	0	2132	55	0												
a,mk_pata_ii\0	437	4181	6	264	1	1	0	171	100	9	4181	1	0	4103	12	0	4045	3	474	1890	100	38	1888	100	36	1885	50	33	4042	50	0	1459	467	0	2132	55	0									
a,mk_great_sword_i\0	438	4963	6	78	1	1	0	174	60	8	4963	1	0	4104	12	0	1891	3	39	1890	80	38	1888	40	36	4042	40	0	1459	350	0	2132	62	0												
a,mk_great_sword_ii\0	439	4182	6	78	1	1	0	174	100	8	4182	1	0	4104	12	0	4047	3	476	1890	126	38	1888	63	36	4042	63	0	1459	317	0	2132	62	0												
a,mk_heavy_war_axe_i\0	440	4964	6	91	1	1	0	174	60	8	4964	1	0	4105	12	0	1890	80	38	1888	80	36	1885	40	33	4042	40	0	1459	325	0	2132	62	0												
a,mk_heavy_war_axe_ii\0	441	4183	6	91	1	1	0	174	100	9	4183	1	0	4105	12	0	4045	3	474	1890	118	38	1888	118	36	1885	59	33	4042	59	0	1459	498	0	2132	62	0									
a,mk_sprite's_staff_i\0	442	4965	6	92	1	1	0	174	60	8	4965	1	0	4106	12	0	1893	50	27	1881	100	31	1889	50	37	4042	50	0	1459	330	0	2132	62	0												
a,mk_sprite's_staff_ii\0	443	4184	6	92	1	1	0	174	100	9	4184	1	0	4106	12	0	4045	3	474	1893	75	27	1881	150	31	1889	75	37	4042	75	0	1459	491	0	2132	62	0									
a,mk_kshanberk_i\0	444	4966	6	142	1	1	0	174	60	8	4966	1	0	4107	12	0	1891	2	39	1890	72	38	1888	72	36	4042	36	0	1459	360	0	2132	62	0												
a,mk_kshanberk_ii\0	445	4185	6	142	1	1	0	174	100	8	4185	1	0	4107	12	0	4047	2	476	1890	114	38	1888	114	36	4042	57	0	1459	517	0	2132	62	0												
a,mk_sword_of_valhalla_i\0	446	4967	6	148	1	1	0	174	60	8	4967	1	0	4108	12	0	1891	2	39	1890	72	38	1888	72	36	4042	36	0	1459	360	0	2132	62	0												
a,mk_sword_of_valhalla_ii\0	447	4186	6	148	1	1	0	174	100	8	4186	1	0	4108	12	0	4047	2	476	1890	114	38	1888	114	36	4042	57	0	1459	517	0	2132	62	0												
a,mk_kris_i\0	448	4968	6	229	1	1	0	174	60	8	4968	1	0	4109	12	0	1891	2	39	1890	72	38	1888	72	36	4042	36	0	1459	360	0	2132	62	0												
a,mk_kris_ii\0	449	4187	6	229	1	1	0	174	100	8	4187	1	0	4109	12	0	4047	2	476	1890	114	38	1888	114	36	4042	57	0	1459	517	0	2132	62	0												
a,mk_hell_knife_i\0	450	4969	6	243	1	1	0	174	60	8	4969	1	0	4110	12	0	1891	2	39	1890	72	38	1888	72	36	4042	36	0	1459	360	0	2132	62	0												
a,mk_hell_knife_ii\0	451	4188	6	243	1	1	0	174	100	8	4188	1	0	4110	12	0	4047	2	476	1890	114	38	1888	114	36	4042	57	0	1459	517	0	2132	62	0												
a,mk_arthro_nail_i\0	452	4970	6	267	1	1	0	174	60	8	4970	1	0	4111	12	0	1890	80	38	1888	80	36	1885	40	33	4042	40	0	1459	325	0	2132	62	0												
a,mk_arthro_nail_ii\0	453	4189	6	267	1	1	0	174	100	9	4189	1	0	4111	12	0	4045	3	474	1890	118	38	1888	118	36	1885	59	33	4042	59	0	1459	498	0	2132	62	0									
a,mk_dark_elven_long_bow_i\0	454	4971	6	284	1	1	0	174	60	8	4971	1	0	4112	12	0	1890	125	38	1889	25	37	1885	25	33	4042	25	0	1459	350	0	2132	62	0												
a,mk_dark_elven_long_bow_ii\0	455	4190	6	284	1	1	0	174	100	9	4190	1	0	4112	12	0	4045	3	474	1890	185	38	1889	37	37	1885	37	33	4042	37	0	1459	534	0	2132	62	0									
a,mk_great_axe_i\0	456	4972	6	300	1	1	0	174	60	8	4972	1	0	4113	12	0	1890	100	38	1888	50	36	1885	25	33	4042	25	0	1459	360	0	2132	62	0												
a,mk_great_axe_ii\0	457	4191	6	300	1	1	0	174	100	9	4191	1	0	4113	12	0	4045	4	474	1890	160	38	1888	80	36	1885	40	33	4042	40	0	1459	353	0	2132	62	0									
a,mk_sword_of_damascus_i\0	458	5000	7	79	1	1	0	183	60	8	5000	1	0	4114	13	0	1891	2	39	1890	120	38	1888	120	36	4042	60	0	1460	160	0	2132	98	0												
a,mk_sword_of_damascus_ii\0	459	4192	7	79	1	1	0	183	100	8	4192	1	0	4114	13	0	4047	2	476	1890	172	38	1888	172	36	4042	86	0	1460	341	0	2132	98	0												
a,mk_lancia_i\0	460	5001	7	97	1	1	0	183	60	8	5001	1	0	4115	13	0	1890	160	38	1888	80	36	1885	40	33	4042	40	0	1460	168	0	2132	98	0												
a,mk_lancia_ii\0	461	4193	7	97	1	1	0	183	100	9	4193	1	0	4115	13	0	4045	4	474	1890	232	38	1888	116	36	1885	58	33	4042	58	0	1460	291	0	2132	98	0									
a,mk_deadman's_glory_i\0	462	5002	7	171	1	1	0	183	60	8	5002	1	0	4116	13	0	1890	120	38	1888	120	36	1885	60	33	4042	60	0	1460	165	0	2132	98	0												
a,mk_deadman's_glory_ii\0	463	4194	7	171	1	1	0	183	100	9	4194	1	0	4116	13	0	4045	3	474	1890	172	38	1888	172	36	1885	86	33	4042	86	0	1460	339	0	2132	98	0									
a,mk_art_of_battle_axe_i\0	464	5003	7	175	1	1	0	183	60	8	5003	1	0	4117	13	0	1890	120	38	1888	120	36	1885	60	33	4042	60	0	1460	165	0	2132	98	0												
a,mk_art_of_battle_axe_ii\0	465	4195	7	175	1	1	0	183	100	9	4195	1	0	4117	13	0	4045	3	474	1890	172	38	1888	172	36	1885	86	33	4042	86	0	1460	339	0	2132	98	0									
a,mk_staff_of_evil_sprit_i\0	466	5004	7	210	1	1	0	183	60	8	5004	1	0	4118	13	0	1893	75	27	1881	150	31	1889	75	37	4042	75	0	1460	165	0	2132	98	0												
a,mk_staff_of_evil_sprit_ii\0	467	4196	7	210	1	1	0	183	100	9	4196	1	0	4118	13	0	4045	3	474	1893	108	27	1881	216	31	1889	108	37	4042	108	0	1460	342	0	2132	98	0									
a,mk_demon's_sword_i\0	468	5005	7	234	1	1	0	183	60	8	5005	1	0	4119	13	0	1891	2	39	1890	120	38	1888	120	36	4042	60	0	1460	160	0	2132	98	0												
a,mk_demon's_sword_ii\0	469	4197	7	234	1	1	0	183	100	8	4197	1	0	4119	13	0	4047	2	476	1890	172	38	1888	172	36	4042	86	0	1460	341	0	2132	98	0												
a,mk_bellion_cestus_i\0	470	5006	7	268	1	1	0	183	60	8	5006	1	0	4120	13	0	1890	120	38	1888	120	36	1885	60	33	4042	60	0	1460	165	0	2132	98	0												
a,mk_bellion_cestus_ii\0	471	4198	7	268	1	1	0	183	100	9	4198	1	0	4120	13	0	4045	3	474	1890	172	38	1888	172	36	1885	86	33	4042	86	0	1460	339	0	2132	98	0									
a,mk_hazard_bow_i\0	472	5007	7	287	1	1	0	183	60	8	5007	1	0	4121	13	0	1890	200	38	1889	40	37	1885	40	33	4042	40	0	1460	155	0	2132	98	0												
a,mk_hazard_bow_ii\0	473	4199	7	287	1	1	0	183	100	9	4199	1	0	4121	13	0	4045	3	474	1890	285	38	1889	57	37	1885	57	33	4042	57	0	1460	328	0	2132	98	0									
a,mk_maestro_holder\0	474	4122	6	4045	1	1	0	60	100	3	1887	10	35	4040	10	0	4041	10	0																											
a,mk_maestro_anvil_lock\0	475	4123	6	4046	1	1	0	60	100	3	1888	4	36	4039	4	0	4040	4	0																											
a,mk_craftsman_mold\0	476	4124	6	4047	1	1	0	60	100	3	1891	2	39	4041	20	0	4042	5	0																											
a,mk_maestro_mold\0	477	4125	6	4048	1	1	0	60	100	3	1892	1	40	4039	10	0	4043	5	0																											
a,mk_avadon_shield_i\0	478	4936	6	673	1	1	0	174	60	8	4936	1	0	4439	12	0	1890	9	38	1888	3	36	1894	3	41	4043	3	0	1459	8	0	2132	3	0												
a,mk_avadon_shield_ii\0	479	4441	6	673	1	1	0	174	100	9	4441	1	0	4439	12	0	4046	1	475	1890	12	38	1888	4	36	1894	4	41	4043	4	0	1459	16	0	2132	3	0									
a,mk_comp_soulshot_d\0	480	5153	2	5135	1	1	0	90	100	2	1463	300	20	5192	3	0																														
a,mk_comp_soulshot_c\0	481	5154	4	5136	1	1	0	180	100	2	1464	300	21	5193	3	0																														
a,mk_comp_soulshot_b\0	482	5155	6	5137	1	1	0	270	100	2	1465	300	22	5194	6	0																														
a,mk_comp_spiritshot_d\0	485	5158	2	5141	1	1	0	180	100	2	2510	300	317	5192	6	0																														
a,mk_comp_spiritshot_c\0	486	5159	4	5142	1	1	0	360	100	2	2511	300	318	5193	7	0																														
a,mk_comp_spiritshot_b\0	487	5160	6	5143	1	1	0	540	100	2	2512	300	319	5194	12	0																														
a,mk_comp_bspiritshot_d\0	490	5163	2	5147	1	1	0	180	100	2	3948	300	323	5192	15	0																														
a,mk_comp_bspiritshot_c\0	491	5164	4	5148	1	1	0	360	100	2	3949	300	324	5193	18	0																														
a,mk_comp_bspiritshot_b\0	492	5165	6	5149	1	1	0	540	100	2	3950	300	325	5194	30	0																														
a,mk_knuckle_dust\0	495	4440	5	4233	1	1	0	147	100	6	4438	9	0	1890	54	38	1888	54	36	1885	27	33	1459	200	0	2131	105	0																		
a,mk_reinforcing_agent\0	497	5231	4	5220	1	1	0	40	100	3	1864	10	0	1865	10	0	1869	10	0																											
a,mk_adv_comp_soulshot_d\0	498	5268	2	5251	1	1	0	90	100	2	1463	1000	20	5192	26	0																														
a,mk_adv_comp_soulshot_c\0	499	5269	4	5252	1	1	0	180	100	2	1464	1000	21	5193	25	0																														
a,mk_adv_comp_soulshot_b\0	500	5270	6	5253	1	1	0	270	100	2	1465	1000	22	5194	50	0																														
a,mk_adv_comp_spiritshot_d\0	503	5273	2	5257	1	1	0	180	100	2	2510	1000	317	5192	50	0																														
a,mk_adv_comp_spiritshot_c\0	504	5274	4	5258	1	1	0	360	100	2	2511	1000	318	5193	58	0																														
a,mk_adv_comp_spiritshot_b\0	505	5275	6	5259	1	1	0	540	100	2	2512	1000	319	5194	100	0																														
a,mk_adv_comp_bspiritshot_d\0	508	5278	2	5263	1	1	0	180	100	2	3948	1000	323	5192	125	0																														
a,mk_adv_comp_bspiritshot_c\0	509	5279	4	5264	1	1	0	360	100	2	3949	1000	324	5193	150	0																														
a,mk_adv_comp_bspiritshot_b\0	510	5280	6	5265	1	1	0	540	100	2	3950	1000	325	5194	248	0																														
a,mk_berserker_blade\0	573	5436	6	5286	1	1	0	165	100	7	5530	11	0	1891	3	39	1890	86	38	1888	43	36	5220	172	497	1459	375	0	2131	248	0															
a,mk_heavy_sword\0	574	5437	2	5285	1	1	0	84	100	6	5531	4	0	1883	3	32	1880	60	30	1879	30	29	1458	117	0	2130	34	0																		
a,mk_iron_thread\0	607	5472	4	5549	1	1	0	40	100	2	1868	10	0	1869	5	0																														
a,mk_reinforcing_plate\0	608	5473	4	5550	1	1	0	40	100	2	5549	5	607	1876	5	0																														
a,mk_reorins_mold\0	609	5474	5	5551	1	1	0	50	100	3	1884	40	26	5550	10	608	1877	15	0																											
a,mk_warsmith_mold\0	610	5475	6	5552	1	1	0	60	100	3	1891	1	39	4041	10	0	4042	5	0																											
a,mk_arcsmith_anvil\0	611	5476	6	5553	1	1	0	60	100	3	4046	3	475	4040	20	0	4044	10	0																											
a,mk_warsmith_holder\0	612	5477	6	5554	1	1	0	60	100	3	4045	2	474	4039	10	0	1868	20	0																											
a,mk_divine_gloves\0	309	3018	6	2468	1	1	0	165	100	5	2965	11	0	1894	24	41	1885	3	33	1459	24	0	2131	10	0																					
a,mk_paradia_boots_i\0	351	4977	7	582	1	1	0	183	60	7	4977	1	0	4061	13	0	1894	32	41	1885	4	33	4043	4	0	1460	8	0	2132	4	0															
a,mk_paradia_boots_ii\0	352	4138	7	582	1	1	0	183	100	8	4138	1	0	4061	13	0	4046	1	475	1894	48	41	1885	6	33	4043	6	0	1460	15	0	2132	4	0												
a,mk_elemental_boots_i\0	353	4978	7	588	1	1	0	183	60	7	4978	1	0	4062	13	0	1894	32	41	1885	4	33	4043	4	0	1460	8	0	2132	4	0															
a,mk_elemental_boots_ii\0	354	4139	7	588	1	1	0	183	100	8	4139	1	0	4062	13	0	4046	1	475	1894	48	41	1885	6	33	4043	6	0	1460	15	0	2132	4	0												
a,mk_boots_of_grace_i\0	355	4979	7	590	1	1	0	183	60	7	4979	1	0	4063	13	0	1894	32	41	1885	4	33	4043	4	0	1460	8	0	2132	4	0															
a,mk_boots_of_grace_ii\0	356	4140	7	590	1	1	0	183	100	8	4140	1	0	4063	13	0	4046	1	475	1894	48	41	1885	6	33	4043	6	0	1460	15	0	2132	4	0												
a,mk_silent_chain_gloves_i\0	377	4954	6	2465	1	1	0	174	60	7	4954	1	0	4074	12	0	1894	16	41	1885	2	33	4043	2	0	1459	25	0	2132	2	0															
a,mk_silent_chain_gloves_ii\0	378	4151	6	2465	1	1	0	174	100	8	4151	1	0	4074	12	0	4046	1	475	1894	32	41	1885	4	33	4043	4	0	1459	15	0	2132	2	0												
a,mk_boots_of_blessing_i\0	387	4957	6	595	1	1	0	174	60	7	4957	1	0	4079	12	0	1894	16	41	1885	2	33	4043	2	0	1459	25	0	2132	2	0															
a,mk_boots_of_blessing_ii\0	388	4156	6	595	1	1	0	174	100	8	4156	1	0	4079	12	0	4046	1	475	1894	24	41	1885	3	33	4043	3	0	1459	33	0	2132	2	0												
a,mk_elemental_gloves_i\0	413	4994	7	2480	1	1	0	183	60	7	4994	1	0	4092	13	0	1894	32	41	1885	4	33	4043	4	0	1460	8	0	2132	4	0															
a,mk_elemental_gloves_ii\0	414	4169	7	2480	1	1	0	183	100	8	4169	1	0	4092	13	0	4046	1	475	1894	48	41	1885	6	33	4043	6	0	1460	15	0	2132	4	0												
a,mk_gloves_of_grace_i\0	415	4995	7	2481	1	1	0	183	60	7	4995	1	0	4093	13	0	1894	32	41	1885	4	33	4043	4	0	1460	8	0	2132	4	0															
a,mk_gloves_of_grace_ii\0	416	4170	7	2481	1	1	0	183	100	8	4170	1	0	4093	13	0	4046	1	475	1894	48	41	1885	6	33	4043	6	0	1460	15	0	2132	4	0												
a,mk_implosion_gauntlet_i\0	417	4996	7	2485	1	1	0	183	60	7	4996	1	0	4094	13	0	1894	32	41	1885	4	33	4043	4	0	1460	8	0	2132	4	0															
a,mk_implosion_gauntlet_ii\0	418	4171	7	2485	1	1	0	183	100	8	4171	1	0	4094	13	0	4046	1	475	1894	48	41	1885	6	33	4043	6	0	1460	15	0	2132	4	0												
a,mk_paradia_gloves_i\0	419	4997	7	2486	1	1	0	183	60	7	4997	1	0	4095	13	0	1894	32	41	1885	4	33	4043	4	0	1460	8	0	2132	4	0															
a,mk_paradia_gloves_ii\0	420	4172	7	2486	1	1	0	183	100	8	4172	1	0	4095	13	0	4046	1	475	1894	48	41	1885	6	33	4043	6	0	1460	15	0	2132	4	0												
a,mk_iron_sword\0	783	8294	2	7880	1	1	0	84	100	6	8327	4	0	1883	3	32	1880	60	30	1879	30	29	1458	117	0	2130	34	0																		
a,mk_giants_hammer\0	788	8317	3	7896	1	1	0	120	100	6	8343	7	0	1880	176	30	1879	88	29	1885	44	33	1458	430	0	2130	139	0																		
a,mk_horn_of_glory\0	219	2326	5	325	1	1	0	147	100	7	2088	9	0	1893	26	27	1881	52	31	1889	26	37	5220	78	497	1459	180	0	2131	105	0															
